0 10100111
1 10011011
2 10011100
3 00111110
4 00100101
5 01001010
6 10001100
7 00001101
8 11101101
9 11100100
10 10010011
11 01010110
12 10110011
13 11011010
14 11011001
15 10111010
16 11011111
17 11011100
18 10100000
19 01011110
20 01001111
21 10111000
22 11101001
23 00100010
24 10111111
25 10100101
26 00111101
27 00000100
28 00001111
29 10000001
30 01000000
31 00110100
32 00111100
33 00111000
34 01101001
35 01001110
36 01000110
37 01101000
38 10011110
39 01101011
40 11001010
41 10011001
42 11111101
43 11110110
44 11101110
45 11010000
46 11100000
47 01011011
48 10100001
49 11111000
50 10100010
51 01010010
52 10010110
53 11110111
54 11011101
55 10011010
56 01110010
57 11001101
58 01000100
59 01100100
60 00000101
61 00010111
62 00101110
63 00100000
64 01011010
65 01011111
66 00000001
67 01010111
68 11101010
69 10011101
70 10010010
71 11110011
72 11100101
73 10011000
74 10000101
75 10011111
76 10000100
77 00001000
78 00001010
79 00010101
80 00010100
81 00011110
82 01001000
83 10100110
84 10110111
85 11111001
86 10010101
87 10110101
88 11010101
89 01001001
90 10000010
91 11110010
92 11011011
93 00011000
94 00001001
95 00011101
96 00010011
97 00001100
98 01111000
99 10110100
100 11000010
101 01100010
102 00001110
103 111111110
104 00000000
105 01101010
106 11010110
107 01111011
108 01110110
109 11000011
110 01111100
111 111111101
112 00000010
113 10101101
114 01001101
115 111111100
116 00011011
117 01100111
118 01110001
119 00011010
120 01001011
121 00010110
122 00011100
123 01100101
124 00101101
125 00100100
126 00100111
127 00001011
128 1100011
129 11000000
130 10010100
131 11001110
132 11101000
133 01010100
134 01110100
135 10000000
136 10001101
137 01010011
138 01010101
139 01000101
140 10010000
141 01111010
142 00111111
143 00110111
144 10111011
145 11100110
146 10110010
147 10101110
148 00110101
149 10101111
150 10110001
151 00000011
152 10111101
153 10000111
154 10110110
155 10101010
156 01000001
157 11001111
158 01110111
159 10000110
160 0000011
161 01100000
162 11001001
163 11101100
164 11011000
165 01110101
166 01100110
167 10100100
168 01010001
169 00110000
170 10101000
171 10101001
172 10101100
173 11100011
174 00111010
175 111111111
176 01101110
177 11101111
178 11010111
179 01011000
180 00011111
181 11010100
182 10010001
183 00010000
184 00110011
185 00101001
186 11000100
187 10001111
188 01000011
189 01110000
190 01111111
191 01000010
192 11100001
193 01101111
194 10001011
195 00101010
196 11101011
197 00111001
198 11100111
199 01011101
200 11000001
201 01111001
202 01111101
203 01011001
204 11100010
205 00101000
206 10100011
207 01110011
208 10001001
209 10101011
210 01101101
211 01100011
212 11001000
213 11111010
214 11111011
215 10010111
216 11110000
217 10111001
218 11111100
219 10000011
220 01100001
221 10111110
222 00010010
223 00100001
224 11001011
225 01010000
226 11110101
227 11110001
228 11010011
229 10111100
230 10001010
231 00101111
232 00110110
233 01111110
234 11110100
235 11010001
236 10110000
237 11010010
238 01011100
239 01001100
240 00110001
241 10001110
242 11011110
243 00011001
244 01000111
245 11001100
246 11000101
247 00101100
248 00110010
249 00010001
250 10001000
251 00100011
252 00111011
253 01101100
254 00101011
255 00100110
