256
0 11721
1 11572
2 11579
3 10101
4 9587
5 10334
6 11288
7 8936
8 13268
9 12822
10 11417
11 10492
12 11837
13 12518
14 12509
15 11915
16 12633
17 12535
18 11624
19 10701
20 10388
21 11898
22 12942
23 9510
24 12059
25 11680
26 10072
27 8676
28 8986
29 11133
30 10158
31 9977
32 10066
33 10007
34 10870
35 10383
36 10273
37 10848
38 11609
39 10880
40 12240
41 11546
42 14700
43 13665
44 13363
45 12310
46 12647
47 10660
48 11636
49 13781
50 11654
51 10423
52 11509
53 13746
54 12605
55 11556
56 10983
57 12284
58 10187
59 10777
60 8772
61 9188
62 9766
63 9490
64 10659
65 10735
66 8569
67 10506
68 13083
69 11604
70 11392
71 13461
72 12834
73 11546
74 11149
75 11622
76 11148
77 8780
78 8829
79 9152
80 9134
81 9465
82 10296
83 11692
84 11880
85 14045
86 11491
87 11859
88 12381
89 10322
90 11138
91 13413
92 12520
93 9216
94 8803
95 9413
96 9133
97 8902
98 11030
99 11857
100 12103
101 10763
102 8980
103 8237
104 8487
105 10874
106 12428
107 11084
108 11005
109 12104
110 11087
111 8216
112 8571
113 11783
114 10367
115 7948
116 9378
117 10841
118 10970
119 9263
120 10341
121 9181
122 9378
123 10817
124 9751
125 9536
126 9625
127 8894
128 24386
129 12066
130 11450
131 12292
132 12878
133 10486
134 11004
135 11124
136 11300
137 10462
138 10492
139 10228
140 11344
141 11082
142 10112
143 10006
144 11927
145 12846
146 11822
147 11790
148 9979
149 11790
150 11817
151 8642
152 12004
153 11159
154 11879
155 11729
156 10162
157 12294
158 11028
159 11155
160 17574
161 10744
162 12224
163 13242
164 12487
165 11004
166 10829
167 11680
168 10419
169 9821
170 11722
171 11723
172 11752
173 12806
174 10041
175 8410
176 10908
177 13364
178 12434
179 10536
180 9481
181 12377
182 11377
183 9006
184 9964
185 9640
186 12126
187 11315
188 10185
189 10967
190 11107
191 10167
192 12783
193 10956
194 11237
195 9647
196 13237
197 10039
198 12869
199 10692
200 12066
201 11059
202 11092
203 10656
204 12798
205 9636
206 11670
207 10991
208 11182
209 11745
210 10888
211 10768
212 12212
213 14209
214 14271
215 11518
216 13388
217 11905
218 14321
219 11146
220 10762
221 12038
222 9076
223 9496
224 12263
225 10407
226 13577
227 13394
228 12356
229 11997
230 11223
231 9789
232 9988
233 11099
234 13553
235 12341
236 11801
237 12347
238 10670
239 10359
240 9858
241 11305
242 12615
243 9247
244 10284
245 12269
246 12154
247 9700
248 9907
249 9039
250 11173
251 9520
252 10053
253 10883
254 9694
255 9600
