0 00010
1 1001111
2 010011
3 0101011
4 101111
5 0100100
6 1000110
7 0101010
8 100010
9 0101000
10 101011
11 0000100
12 10010
13 001110
14 1110101
15 101001
16 101000
17 000000
18 11100110
19 0000011
20 010111
21 100011101
22 00000101
23 1110001
24 001111
25 1001110
26 00011
27 0000111
28 101110
29 100001000
30 100011100
31 10110001
32 0010110
33 00000100
34 00101111
35 0000110
36 0101001
37 1100001
38 11000110
39 11000100
40 110110
41 1001100
42 10110000
43 10001111
44 1110000
45 1100000
46 11100111
47 111011
48 1110100
49 001010
50 11000101
51 0000101
52 1001101
53 00101110
54 1110010
55 1000011
56 00110
57 010110
58 110111
59 00100
60 01000
61 100000
62 1000010011
63 0100101
98 10000101
99 1011001
100 0110
101 1111
102 0111
103 11010
104 11001
105 101101
111 101010
138 11000111
191 1000010010
