0 11110111
1 11110110
2 11100100
3 00000110
4 11000000
5 10110010
6 10001110
7 00000100
8 10100010
9 01101100
10 10101000
11 01011111
12 10010010
13 10110101
14 01100100
15 00011100
16 10011110
17 10011000
18 10110100
19 01110000
20 11111011
21 11100101
22 11010101
23 01100001
24 01100101
25 00111001
26 11011110
27 01011001
28 10001010
29 10000011
30 11100000
31 11101010
32 11011111
33 10001011
34 11000101
35 11111000
36 10011101
37 11011101
38 10111011
39 01100011
40 10011100
41 10101010
42 11101011
43 11001111
44 10100111
45 11011100
46 11000001
47 01110101
48 10111101
49 01011011
50 11010100
51 11001001
52 10100011
53 11010111
54 10111100
55 01101111
56 01010011
57 01000111
58 10110111
59 01110001
60 00110111
61 10101001
62 01100110
63 10000001
64 11100110
65 00110001
66 10010111
67 00101001
68 00110011
69 10010000
70 01111011
71 00111010
72 00100010
73 01001010
74 10100000
75 10101011
76 00001011
77 01110111
78 10000101
79 01101010
80 01110010
81 01001100
82 10000000
83 01101000
84 00111000
85 11001110
86 10010001
87 10010101
88 00100101
89 01101110
90 01000010
91 01101101
92 00010000
93 10000100
94 00101100
95 01111110
96 01111101
97 00101101
98 00001111
99 01010101
100 00001000
101 01011101
102 00001101
103 11000010
104 00110000
105 01010001
106 01010100
107 01101001
108 00010101
109 01110100
110 00101010
111 01011010
112 00000111
113 00111111
114 00010010
115 00110110
116 00010111
117 01000110
118 00100001
119 00111011
120 00001100
121 00100000
122 00101011
123 00111110
124 00011011
125 10001111
126 01101011
127 11110100
128 11111111
129 11111110
130 11111001
131 11111010
132 11110011
133 11101101
134 10011010
135 11011010
136 11110010
137 11100001
138 11100111
139 11001100
140 01111010
141 01011000
142 01001111
143 00000001
144 11110000
145 11100011
146 10111110
147 01001001
148 10110011
149 11000111
150 10110001
151 00111101
152 01110110
153 01100000
154 11111100
155 00100011
156 01001000
157 00011001
158 00000000
159 00000010
160 11101111
161 11111101
162 10111001
163 00110010
164 10011111
165 10111010
166 01010110
167 00010100
168 10101101
169 10111000
170 11100010
171 10010011
172 11001000
173 11000011
174 01111001
175 00101000
176 10000111
177 01010111
178 01011110
179 00100100
180 10101111
181 10101100
182 00011111
183 00011000
184 10001001
185 01001101
186 00110101
187 00100110
188 00000101
189 00001110
190 00000011
191 00010001
192 11110001
193 11110101
194 11101001
195 00011010
196 11000110
197 10110110
198 10011011
199 00001001
200 10111111
201 10010110
202 11011001
203 11011000
204 11000100
205 01111111
206 01111000
207 00010110
208 11010001
209 01110011
210 11001101
211 10000010
212 11010110
213 11101100
214 11010000
215 10001000
216 11011011
217 10100001
218 11101110
219 10010100
220 10000110
221 10100100
222 01100111
223 01000011
224 11010010
225 11001011
226 10100110
227 01010010
228 11010011
229 11101000
230 00111100
231 01000001
232 10001100
233 10001101
234 10101110
235 10110000
236 01011100
237 11001010
238 01000100
239 01000000
240 10011001
241 01001011
242 00100111
243 01000101
244 01111100
245 10100101
246 00110100
247 01001110
248 00001010
249 00101110
250 01010000
251 00011110
252 00011101
253 00101111
254 00010011
255 01100010
