256
0 5817613
1 5812795
2 5713685
3 5592103
4 5685217
5 5675406
6 5656397
7 5581549
8 5666705
9 5643773
10 5671181
11 5640243
12 5657410
13 5676398
14 5641702
15 5611197
16 5663268
17 5659928
18 5675657
19 5644364
20 5917571
21 5719240
22 5695249
23 5641328
24 5642054
25 5625537
26 5703466
27 5638034
28 5654629
29 5652066
30 5707614
31 5732481
32 5704353
33 5655119
34 5688085
35 5825751
36 5661887
37 5703275
38 5678836
39 5641679
40 5661608
41 5671614
42 5732555
43 5693293
44 5670392
45 5701961
46 5685678
47 5645839
48 5682493
49 5639362
50 5695042
51 5689558
52 5666823
53 5696368
54 5680626
55 5644085
56 5635035
57 5631545
58 5677011
59 5644452
60 5624567
61 5671267
62 5642088
63 5651442
64 5724152
65 5621631
66 5659291
67 5618328
68 5622725
69 5657196
70 5649527
71 5626940
72 5615474
73 5632019
74 5664380
75 5671659
76 5596849
77 5646160
78 5652392
79 5643353
80 5644703
81 5632132
82 5651390
83 5642369
84 5625045
85 5692798
86 5657267
87 5658597
88 5616726
89 5643980
90 5628768
91 5643920
92 5601753
93 5652119
94 5619240
95 5650628
96 5649895
97 5620419
98 5601665
99 5635757
100 5593107
101 5639472
102 5599187
103 5685685
104 5620866
105 5633476
106 5635504
107 5642510
108 5606387
109 5645571
110 5618852
111 5639126
112 5592621
113 5627841
114 5602102
115 5624252
116 5608859
117 5631165
118 5614380
119 5627408
120 5597209
121 5613694
122 5619228
123 5627746
124 5611111
125 5656910
126 5643596
127 5785742
128 7267957
129 5992986
130 5828026
131 5831662
132 5784839
133 5746936
134 5660986
135 5699304
136 5775434
137 5708280
138 5726776
139 5691463
140 5647080
141 5637254
142 5632730
143 5570245
144 5761796
145 5711327
146 5683812
147 5632019
148 5675474
149 5689286
150 5674502
151 5627744
152 5646108
153 5640948
154 5926994
155 5615759
156 5631913
157 5609936
158 5568386
159 5570396
160 5758572
161 5977502
162 5678383
163 5622375
164 5663342
165 5678399
166 5636210
167 5606202
168 5672163
169 5677464
170 5709837
171 5657510
172 5689482
173 5686549
174 5646814
175 5618138
176 5653690
177 5636942
178 5640231
179 5616199
180 5673274
181 5672080
182 5612805
183 5609519
184 5654500
185 5632328
186 5623318
187 5617223
188 5591491
189 5600665
190 5578904
191 5601980
192 5771726
193 5804166
194 5732245
195 5610513
196 5688229
197 5676822
198 5661013
199 5594981
200 5684268
201 5658800
202 5697370
203 5697091
204 5686581
205 5651089
206 5646306
207 5607954
208 5693825
209 5645494
210 5691818
211 5651455
212 5695940
213 5737800
214 5693546
215 5653730
216 5699351
217 5665536
218 5747700
219 5658092
220 5653104
221 5667305
222 5642155
223 5629921
224 5693929
225 5690050
226 5669632
227 5634791
228 5694599
229 5729570
230 5627468
231 5628217
232 5655512
233 5656033
234 5672844
235 5673703
236 5639399
237 5689831
238 5629972
239 5627920
240 5659989
241 5632034
242 5618073
243 5630824
244 5649721
245 5669434
246 5622767
247 5632490
248 5595979
249 5620587
250 5633063
251 5612776
252 5611757
253 5620850
254 5605976
255 5641440
