0 100101001
21 100101100
26 1001010000
27 010001000
60 100101110
98 100101101
111 100101111
138 100101010
160 111
172 1101010
173 100101011
174 0100011
193 10010100011
201 110101100
206 0100010010
207 0100010011
212 10010100010
215 01000101
225 1011
226 010000
227 00100
228 01010
229 000
230 010110
231 110100
232 10011
233 1000
234 11010110111
235 11010111
236 01111
237 011101
238 1010
239 0110
240 00101
241 1101011010
242 11011
243 0011
244 1100
245 01001
246 011100
247 100100
248 11010110110
249 010111
